00000000 01
00000001 01
00000010 01
00000011 01
00000100 01
00000101 01
00000110 01
00000111 01
00001000 01
00001001 01
00001010 01
00001011 01
00001100 01
00001101 01
00001110 01
00001111 01
00010000 01
00010001 01
00010010 01
00010011 01
00010100 01
00010101 01
00010110 01
00010111 01
00011000 01
00011001 01
00011010 01
00011011 01
00011100 01
00011101 01
00011110 01
00011111 10
00100000 01
00100001 01
00100010 01
00100011 01
00100100 01
00100101 01
00100110 01
00100111 01
00101000 01
00101001 01
00101010 01
00101011 01
00101100 01
00101101 01
00101110 01
00101111 10
00110000 01
00110001 01
00110010 01
00110011 01
00110100 01
00110101 01
00110110 01
00110111 10
00111000 01
00111001 01
00111010 01
00111011 10
00111100 01
00111101 10
00111110 10
00111111 10
01000000 01
01000001 01
01000010 01
01000011 01
01000100 01
01000101 01
01000110 01
01000111 01
01001000 01
01001001 01
01001010 01
01001011 01
01001100 01
01001101 01
01001110 01
01001111 10
01010000 01
01010001 01
01010010 01
01010011 01
01010100 01
01010101 01
01010110 01
01010111 10
01011000 01
01011001 01
01011010 01
01011011 10
01011100 01
01011101 10
01011110 10
01011111 10
01100000 01
01100001 01
01100010 01
01100011 01
01100100 01
01100101 01
01100110 01
01100111 10
01101000 01
01101001 01
01101010 01
01101011 10
01101100 01
01101101 10
01101110 10
01101111 10
01110000 01
01110001 01
01110010 01
01110011 10
01110100 01
01110101 10
01110110 10
01110111 10
01111000 01
01111001 10
01111010 10
01111011 10
01111100 10
01111101 10
01111110 10
01111111 10
10000000 01
10000001 01
10000010 01
10000011 01
10000100 01
10000101 01
10000110 01
10000111 01
10001000 01
10001001 01
10001010 01
10001011 01
10001100 01
10001101 01
10001110 01
10001111 10
10010000 01
10010001 01
10010010 01
10010011 01
10010100 01
10010101 01
10010110 01
10010111 10
10011000 01
10011001 01
10011010 01
10011011 10
10011100 01
10011101 10
10011110 10
10011111 10
10100000 01
10100001 01
10100010 01
10100011 01
10100100 01
10100101 01
10100110 01
10100111 10
10101000 01
10101001 01
10101010 01
10101011 10
10101100 01
10101101 10
10101110 10
10101111 10
10110000 01
10110001 01
10110010 01
10110011 10
10110100 01
10110101 10
10110110 10
10110111 10
10111000 01
10111001 10
10111010 10
10111011 10
10111100 10
10111101 10
10111110 10
10111111 10
11000000 01
11000001 01
11000010 01
11000011 01
11000100 01
11000101 01
11000110 01
11000111 10
11001000 01
11001001 01
11001010 01
11001011 10
11001100 01
11001101 10
11001110 10
11001111 10
11010000 01
11010001 01
11010010 01
11010011 10
11010100 01
11010101 10
11010110 10
11010111 10
11011000 01
11011001 10
11011010 10
11011011 10
11011100 10
11011101 10
11011110 10
11011111 10
11100000 01
11100001 01
11100010 01
11100011 10
11100100 01
11100101 10
11100110 10
11100111 10
11101000 01
11101001 10
11101010 10
11101011 10
11101100 10
11101101 10
11101110 10
11101111 10
11110000 01
11110001 10
11110010 10
11110011 10
11110100 10
11110101 10
11110110 10
11110111 10
11111000 10
11111001 10
11111010 10
11111011 10
11111100 10
11111101 10
11111110 10
11111111 10
